108,73
111,75
109,132
109,131
109,130
109,129
109,128
109,127
109,126
109,125
109,124
109,123
109,122
109,121
109,120
109,119
109,118
109,117
109,116
109,115
109,114
109,113
109,112
109,111
109,110
109,109
109,108
109,107
109,106
112,8
108,72
108,71
108,70
108,69
108,68
108,67
108,66
52,36
117,7
117,6
117,5
117,4
117,3
117,2
117,1
117,0
116,5
116,4
116,3
116,2
116,1
116,0
109,105
114,11
109,104
109,103
109,102
109,101
109,100
109,99
106,36
106,35
109,98
109,97
114,10
114,9
111,74
114,8
115,20
52,35
114,7
114,6
115,19
115,18
115,17
115,16
115,15
115,14
50,29
115,13
115,12
108,65
108,64
108,37
108,36
108,35
115,11
115,10
115,9
115,8
115,7
115,6
115,5
115,4
115,3
115,2
115,1
115,0
0,57
112,7
112,6
106,34
106,33
109,96
111,73
111,72
111,71
111,70
111,69
108,34
108,33
108,32
108,31
108,30
108,29
108,28
108,27
108,26
108,25
108,24
108,23
108,22
108,21
108,20
108,19
108,18
108,17
108,16
108,15
108,14
106,32
106,31
106,30
106,29
106,28
106,27
106,26
106,25
106,24
106,23
106,22
106,21
106,20
106,19
106,18
106,17
106,16
106,15
106,14
106,13
106,12
106,11
114,5
114,4
114,3
114,2
114,1
114,0
113,5
113,4
113,3
113,2
113,1
113,0
111,68
111,67
111,66
111,65
111,64
111,37
111,36
111,35
111,34
111,33
109,95
111,32
111,31
111,30
111,29
109,94
111,28
109,93
111,27
111,26
111,25
111,24
111,23
111,22
111,21
111,20
111,19
111,18
111,17
111,16
111,15
111,14
111,13
111,12
111,11
111,10
111,9
111,8
109,92
109,91
106,10
109,90
109,89
109,88
109,87
109,86
109,85
106,9
109,84
109,83
109,82
109,81
109,80
109,79
109,78
109,77
109,76
109,75
109,74
109,73
109,72
109,71
109,70
109,69
109,68
109,67
109,66
109,65
109,64
109,37
109,36
109,35
109,34
109,33
109,32
109,31
109,30
109,29
109,28
109,27
109,26
109,25
109,24
109,23
109,22
109,21
109,20
109,19
109,18
106,8
106,7
109,17
109,16
109,15
109,14
112,5
112,4
112,3
112,2
112,1
112,0
111,7
111,6
111,5
111,4
111,3
111,2
111,1
111,0
106,6
108,13
108,12
108,11
108,10
108,9
108,8
108,7
108,6
110,5
110,4
110,3
110,2
110,1
110,0
109,13
109,12
109,11
109,10
109,9
109,8
109,7
109,6
109,5
109,4
109,3
109,2
109,1
109,0
108,5
108,4
108,3
108,2
108,1
108,0
107,3
107,2
107,1
107,0
106,5
106,4
106,3
106,2
106,1
106,0
91,77
91,76
91,75
91,74
91,73
91,72
91,71
91,70
91,69
91,68
91,67
91,66
91,65
91,64
91,37
91,36
91,35
91,34
91,33
91,32
91,31
91,30
91,29
91,28
91,27
91,26
91,25
91,24
91,23
91,22
91,21
91,20
91,19
91,18
91,17
91,16
91,15
91,14
91,13
91,12
91,11
91,10
91,9
91,8
91,7
91,6
105,20
105,19
105,18
105,17
105,16
105,15
105,14
105,13
105,12
105,11
105,10
105,9
105,8
105,7
105,6
34,7
34,6
34,5
34,4
33,139
33,194
33,138
50,28
33,137
33,136
33,135
33,193
33,134
33,133
33,132
33,131
32,13
33,130
33,192
52,34
52,33
33,67
33,129
50,27
50,26
33,128
33,66
33,65
33,64
33,99
32,12
33,63
33,62
33,61
33,60
50,25
52,32
33,59
33,58
32,11
33,57
52,31
50,24
33,56
33,55
33,54
33,53
33,52
32,10
52,30
50,23
50,22
33,51
33,50
33,49
33,48
33,47
33,46
33,45
33,44
33,43
33,42
33,41
50,21
52,29
33,40
32,9
52,28
33,39
33,38
33,37
33,36
33,35
50,20
33,34
33,33
32,8
33,32
33,31
33,30
33,29
33,28
33,27
33,26
33,25
50,19
52,27
33,24
52,26
33,23
33,22
32,7
33,21
50,18
33,20
52,25
33,19
33,18
33,17
33,16
32,6
52,24
32,5
32,4
50,17
33,15
33,14
33,13
33,12
33,11
33,10
33,9
33,8
33,7
52,23
33,6
33,5
50,16
50,15
31,8
31,7
105,5
5,24
105,4
105,3
105,2
105,1
105,0
82,86
104,3
104,2
104,1
104,0
103,3
103,2
103,1
103,0
52,22
50,14
52,21
52,20
102,3
102,2
102,1
102,0
52,19
52,18
52,17
52,16
52,15
50,13
101,3
101,2
101,1
101,0
52,14
16,76
16,75
16,74
16,73
16,72
16,71
16,70
16,69
16,68
16,67
16,66
16,65
16,64
16,37
16,36
100,3
100,2
100,1
100,0
99,3
99,2
99,1
99,0
98,3
98,2
98,1
98,0
52,13
52,12
52,11
50,12
50,11
52,10
52,9
52,8
52,7
52,6
97,3
97,2
97,1
97,0
96,3
96,2
96,1
96,0
95,3
95,2
95,1
95,0
51,8
50,10
50,9
50,8
51,7
50,7
94,3
94,2
94,1
94,0
51,6
51,5
50,6
50,5
93,3
93,2
93,1
93,0
92,3
92,2
92,1
92,0
17,83
91,5
91,4
91,3
91,2
91,1
91,0
16,35
17,82
17,81
90,6
90,5
90,4
90,3
90,2
90,1
90,0
16,34
17,80
5,23
89,6
89,5
89,4
89,3
89,2
89,1
89,0
88,6
88,5
88,4
88,3
88,2
88,1
88,0
16,33
87,5
87,4
87,3
87,2
87,1
87,0
86,5
86,4
86,3
86,2
86,1
86,0
17,77
17,76
85,6
85,5
85,4
85,3
85,2
85,1
85,0
84,6
84,5
84,4
84,3
84,2
84,1
84,0
83,11
83,10
83,9
83,8
83,7
83,6
83,5
83,4
83,3
83,2
83,1
83,0
82,85
82,84
82,83
82,82
82,81
82,80
82,79
82,78
82,77
82,76
82,75
82,74
82,73
82,72
82,71
82,70
82,69
82,68
82,67
82,38
82,37
82,66
82,65
82,64
82,36
82,35
82,34
82,33
82,32
82,31
82,30
82,29
82,28
82,27
82,26
82,25
82,24
82,23
82,22
82,21
82,20
82,19
82,18
82,17
82,16
82,15
82,14
82,13
82,12
82,11
82,10
82,9
82,8
82,7
82,6
82,5
5,22
82,4
0,56
0,55
82,3
82,2
82,1
82,0
16,32
16,21
16,14
16,13
16,11
16,9
81,3
81,2
81,1
81,0
80,3
80,2
80,1
80,0
79,3
79,2
79,1
79,0
17,75
17,74
17,73
78,6
78,5
78,4
78,3
78,2
78,1
78,0
5,21
77,6
77,5
77,4
77,3
77,2
77,1
77,0
5,20
76,4
76,3
76,2
76,1
76,0
75,5
75,4
75,3
75,2
75,1
75,0
74,9
74,8
74,7
74,6
74,5
74,4
0,54
0,53
74,3
74,2
74,1
74,0
73,5
73,4
73,3
73,2
73,1
73,0
5,19
5,18
72,6
72,5
72,4
72,3
72,2
72,1
72,0
17,72
17,71
17,70
71,6
71,5
71,4
71,3
71,2
71,1
71,0
70,5
70,4
70,3
70,2
70,1
70,0
69,4
69,3
69,2
69,1
69,0
5,17
68,3
68,2
68,1
68,0
17,69
17,68
17,67
5,16
67,5
67,4
67,3
67,2
67,1
67,0
0,52
5,15
66,7
66,6
66,5
66,4
66,3
66,2
66,1
66,0
65,5
65,4
65,3
65,2
65,1
65,0
5,14
64,5
64,4
64,3
64,2
64,1
64,0
17,66
17,65
17,64
63,3
63,2
63,1
63,0
62,4
62,3
62,2
62,1
62,0
61,6
61,5
61,4
61,3
61,2
61,1
61,0
5,13
60,6
60,5
60,4
60,3
60,2
60,1
60,0
16,8
59,5
59,4
59,3
59,2
59,1
59,0
5,12
5,11
58,12
58,11
58,10
58,9
58,8
58,7
58,6
58,5
58,4
58,3
58,2
58,1
58,0
57,6
57,5
57,4
57,3
57,2
57,1
57,0
56,6
56,5
56,4
56,3
56,2
56,1
56,0
55,3
55,2
55,1
55,0
54,3
54,2
54,1
54,0
53,3
53,2
53,1
53,0
52,5
52,4
52,3
52,2
52,1
52,0
5,10
51,4
51,3
51,2
51,1
51,0
50,4
50,3
50,2
50,1
50,0
0,51
0,50
5,9
49,5
49,4
49,3
49,2
49,1
49,0
16,7
17,33
17,32
17,31
48,6
48,5
48,4
48,3
48,2
48,1
48,0
17,30
17,28
17,27
47,11
47,10
47,9
47,8
47,7
47,6
47,5
47,4
47,3
47,2
47,1
47,0
46,5
46,4
46,3
46,2
46,1
46,0
45,6
45,5
45,4
45,3
45,2
45,1
45,0
17,25
44,3
44,2
44,1
44,0
43,8
43,7
43,6
43,5
43,4
43,3
43,2
43,1
43,0
42,6
42,5
42,4
42,3
42,2
42,1
42,0
17,24
17,23
17,22
5,7
41,6
41,5
41,4
41,3
41,2
41,1
41,0
40,6
40,5
40,4
40,3
40,2
40,1
40,0
17,21
17,20
17,19
39,4
39,3
39,2
39,1
39,0
38,8
38,7
38,6
38,5
38,4
38,3
38,2
38,1
38,0
37,5
37,4
37,3
37,2
37,1
37,0
36,6
36,5
36,4
36,3
36,2
36,1
36,0
17,18
17,17
35,3
35,2
35,1
35,0
34,3
34,2
34,1
34,0
33,4
33,3
33,2
33,1
33,0
32,3
32,2
32,1
32,0
31,6
31,5
31,4
31,3
31,2
31,1
31,0
30,5
30,4
30,3
30,2
30,1
30,0
17,16
17,15
17,14
17,13
17,12
5,5
5,4
29,6
29,5
29,4
29,3
29,2
29,1
29,0
28,7
28,6
28,5
28,4
28,3
28,2
28,1
28,0
16,5
16,4
27,6
27,5
27,4
27,3
27,2
27,1
27,0
26,8
26,7
26,6
26,5
26,4
26,3
26,2
26,1
26,0
25,4
25,3
25,2
25,1
25,0
24,5
24,4
24,3
24,2
24,1
24,0
23,3
23,2
23,1
23,0
22,3
22,2
22,1
22,0
21,5
21,4
21,3
21,2
21,1
21,0
20,5
20,4
20,3
20,2
20,1
20,0
19,4
19,3
19,2
19,1
19,0
17,9
17,8
17,7
17,5
18,3
18,2
18,1
18,0
17,3
17,2
17,1
17,0
16,3
16,2
16,1
16,0
15,3
15,2
15,1
15,0
14,3
14,2
14,1
14,0
13,3
13,2
13,1
13,0
12,3
12,2
12,1
12,0
11,3
11,2
11,1
11,0
2,48
1,49
3,48
10,3
10,2
10,1
10,0
1,48
3,47
9,3
9,2
9,1
9,0
2,47
1,47
3,46
2,46
1,46
1,2
3,45
3,2
8,3
8,2
8,1
8,0
0,9
2,45
2,2
7,3
5,3
4,3
0,2
5,2
5,0
1,45
3,44
2,44
1,44
3,43
2,43
1,43
3,42
2,42
1,42
3,41
2,41
1,41
3,40
2,40
1,40
3,39
2,39
1,39
3,38
2,38
1,38
3,37
2,37
1,37
3,36
2,36
1,36
3,35
2,35
1,35
3,34
2,34
1,34
3,33
2,33
1,33
3,32
2,32
1,32
3,31
2,31
1,31
3,30
2,30
1,30
3,29
2,29
1,29
3,28
2,28
1,28
3,27
2,27
1,27
3,26
2,26
1,26
3,25
2,25
1,25
3,24
2,24
1,24
3,23
2,23
1,23
3,22
2,22
1,22
3,21
2,21
1,21
3,20
2,20
1,20
3,19
2,19
1,19
3,18
2,18
1,18
3,17
2,17
1,17
3,16
2,16
1,16
3,15
2,15
1,15
3,14
2,14
1,14
3,13
2,13
1,13
3,12
2,12
1,12
3,11
2,11
1,11
3,10
2,10
1,10
3,9
2,9
1,9
3,8
2,8
1,8
3,7
2,7
1,7
3,6
2,6
1,6
3,5
2,5
1,5
3,4
2,4
1,4
3,3
3,0
2,3
2,0
1,3
1,0
0,6
0,0
0,47
0,46
0,49
0,48
0,45
0,12
0,10
0,8
0,11
0,5
0,7
0,4
0,3
